sprite_scale: 0.25
focal_dz: 0
focal_dxy: 0
focal_depth: 160.0
origin_dz: -0.150000
origin_dxy: -0.300000
origin_depth: 0.400000
