scale: 0.35
focal.dz: 0
focal.dxy: 0
focal.depth: 160.0
origin.dz: -0.350000
origin.dxy: -0.300000
origin.depth: 0.400000
