scale: 0.15
focal.dz: 0
focal.dxy: 30
focal.depth: 300.0
origin.dz: -1.0000
origin.dxy: -0.650000
origin.depth: 0.000000
