scale: 0.25
focal.dz: 0
focal.dxy: 30
focal.depth: 300.0
origin.dz: -0.850000
origin.dxy: -0.450000
origin.depth: 0.400000
