focal_dz: 36.299984
focal_dxy: -9.099994
focal_depth: 135.349976
origin_dz: -0.150000
origin_dxy: 0.250000
origin_depth: 0.350000
