scale: 0.15
focal.dz: 0
focal.dxy: 0
focal.depth: 160.0
origin.dz: -0.150000
origin.dxy: -0.300000
origin.depth: 0.400000
